754,36
754,35
3,1
3,3
10,265
10,107
10,307
10,113
10,149
10,69
10,81
10,33
10,2
10,3
11,29
11,19
11,7
11,11
11,13
11,27
727,3
727,1
9,7
715,14
715,4
9,5
715,3
715,1
706,3
706,1
703,32
703,28
703,25
703,3
8,13
703,1
8,15
692,3
8,11
692,1
8,16
663,3
663,2
8,6
663,1
8,10
663,0
658,64
658,45
658,44
658,1
647,5
647,4
12,2
647,3
12,1
647,1
646,3
12,3
646,1
645,3
645,1
639,4
639,3
639,1
623,4
623,3
623,2
623,1
623,0
620,28
620,27
620,26
620,25
620,24
620,23
620,22
620,21
620,20
620,19
620,18
620,17
620,16
620,15
620,14
620,13
620,12
620,11
620,10
620,8
620,7
620,6
620,5
620,4
620,3
620,2
620,1
618,3
618,1
617,6
617,5
617,4
617,3
617,1
614,3
614,1
613,3
613,1
608,3
608,1
605,3
605,1
602,4
602,3
602,1
599,3
599,1
598,3
598,1
597,5
597,3
597,1
594,3
594,1
592,3
592,1
20,3
20,2
20,1
18,1
19,3
19,2
18,3
19,1
11,28
11,26
11,20
11,14
11,10
11,8
14,1
11,1
14,11
11,4
14,3
11,3
13,1
11,2
13,3
10,298
